5 100
1 4 27
1 4 75
1 3 87
1 2 49
1 5 71
3 5 2
3 3 5
1 1 64
1 2 82
1 3 92
1 5 70
1 3 36
3 3 5
2 3
3 3 2
1 2 77
3 3 2
3 4 1
1 2 79
2 2
1 2 10
2 3
2 4
1 2 15
3 2 3
3 4 2
1 5 72
3 4 5
1 1 43
1 5 16
1 4 16
3 4 5
3 1 4
1 1 75
1 2 66
2 2
1 5 85
2 1
2 1
1 2 2
1 5 18
2 5
1 3 69
1 1 59
1 3 2
3 3 2
1 2 78
3 5 1
3 2 3
1 2 24
2 2
1 1 38
1 1 63
1 1 27
3 1 2
3 5 1
1 1 68
2 5
1 5 91
3 5 1
1 5 24
1 2 18
2 2
1 5 33
1 1 85
3 1 5
1 4 32
3 1 4
1 2 71
3 1 2
1 5 68
1 2 33
1 3 40
1 1 54
2 3
3 5 1
1 1 5
1 5 34
1 4 8
2 1
3 2 4
1 4 65
1 2 50
3 2 4
1 4 34
3 2 4
2 5
1 4 76
2 2
3 2 4
3 2 5
1 4 23
3 4 2
1 3 58
1 1 75
1 2 89
2 3
1 2 68
1 1 34
2 4
